BUT 0.09 0.23 7.4
HOW 0.23 0.79 5.8
HOW 1.24 1.47 5.2
CAN 1.47 1.61 4.4
WE 1.61 1.74 3.2
CONTROL 1.74 2.15 4.1
EVAPORATION 2.15 2.85 3.3
TO 3.96 4.31 2.5
RUN 4.50 4.73 8.6
THE 4.73 4.83 9.0
ENGINE 4.83 5.09 6.9
OF 5.13 5.24 6.1
THE 5.24 5.31 5.7
CAR 5.31 5.82 5.4
MAYBE 6.38 6.62 0.8
LIFT 6.62 6.89 2.4
HEAVY 6.89 7.18 9.8
WEIGHTS 7.18 7.66 8.3
OR 8.75 8.97 4.3
PERHAPS 8.97 9.48 6.7
GENERATE 9.81 10.20 5.7
ELECTRICITY 10.20 10.86 3.8
WE 12.96 13.05 7.1
KNOW 13.05 13.34 6.8
PLANTS 13.34 13.84 7.3
HAVE 13.84 14.00 9.8
DONE 14.00 14.20 8.8
IT 14.20 14.40 6.5
TREES 14.83 15.40 5.9
THEY 16.02 16.22 5.7
USE 16.22 16.72 6.1
